temps <- c(22.4, 23.1, 21.9, 22.8)
patients <- c("P001", "P002", "P003")
passed <- c(TRUE, FALSE, TRUE)